camera_matrix:
- - 1481.7527738084875
  - 0.0
  - 936.8020968222914
- - 0.0
  - 1479.6348449552158
  - 557.8124212584266
- - 0.0
  - 0.0
  - 1.0
dist_coeff:
- - 0.0006378238490344762
  - 2.4530717876176675
  - 0.00014402748184350837
  - -0.008451368578742634
  - -15.123459467944718
